8
20
3
22
14
17
17
8
10
17
13
2
16
25
3
20
20
25
25
13
11
6
4
8
5
10
20
11
8
10
10
21
1
10
6
26
24
22
10
11
24
5
24
26
8
13
14
13
23
25
12
17
3
6
8
23
14
10
25
21
16
4
22
20
17
24
20
5
15
22
24
14
12
26
0
4
1
21
19
15
6
7
25
14
11
24
2
2
7
11
23
20
5
17
10
22
0
23
22
26
23
10
6
1
25
8
10
15
2
12
17
9
16
5
12
7
25
8
12
11
21
11
25
21
22
8
15
3
0
23
19
16
16
15
12
22
21
15
4
9
16
3
10
13
7
9
24
24
2
14
18
15
4
4
1
8
21
22
10
10
11
23
10
20
19
23
11
17
14
24
11
1
2
15
8
3
23
21
1
3
18
16
6
7
17
7
3
25
5
19
21
0
10
9
4
19
11
16
10
12
25
23
16
13
18
2
8
24
1
13
18
19
14
8
13
11
6
7
14
25
24
8
23
11
3
18
14
17
26
2
11
12
1
12
24
3
20
20
19
12
25
9
2
19
9
26
3
5
4
8
25
1
15
26
8
24
21
23
7
16
15
5
3
3
10
17
8
15
3
19
9
14
26
15
0
1
12
3
23
9
6
17
10
15
20
6
2
0
9
6
2
11
2
15
0
10
18
13
24
4
0
9
20
1
10
12
25
12
1
19
25
16
8
22
24
5
9
14
1
16
1
4
8
25
21
25
20
8
23
23
18
0
11
14
21
19
3
23
2
16
21
25
24
22
9
8
13
13
0
8
0
11
4
3
6
12
20
17
26
5
23
3
17
5
4
12
11
24
3
16
13
6
21
8
23
1
19
13
3
7
6
18
9
20
26
1
19
26
6
11
1
20
9
16
14
4
22
2
23
5
21
13
9
12
23
3
4
18
15
21
10
24
26
3
21
25
19
24
26
19
16
14
19
24
12
3
3
5
25
22
11
5
14
16
15
2
12
17
20
0
25
4
15
25
24
10
5
5
2
23
7
4
21
0
7
24
15
3
3
5
15
25
2
17
6
13
8
19
13
21
17
13
10
3
14
1
15
0
1
12
14
17
2
12
2
18
26
16
13
6
6
23
24
15
17
15
2
22
24
18
