11
20
23
12
4
3
5
4
4
5
7
14
11
3
23
3
3
5
5
12
6
9
22
0
2
4
11
7
20
21
1
9
8
19
14
18
6
10
4
14
23
18
24
25
13
25
21
20
7
17
14
21
1
24
15
1
9
21
20
25
19
3
2
8
25
16
16
12
1
19
13
10
22
17
12
2
23
23
20
11
1
22
19
10
6
0
13
15
6
0
16
11
21
12
4
11
7
0
16
26
23
8
12
15
23
13
1
16
17
25
5
6
24
7
5
25
8
23
6
4
1
26
18
17
20
8
8
3
11
5
6
9
9
17
25
23
8
0
25
23
20
25
10
8
15
11
17
10
21
13
4
6
19
7
14
17
12
13
26
17
17
17
15
14
23
24
10
2
6
22
13
23
19
23
1
13
1
18
19
24
14
18
9
15
0
25
7
20
25
0
18
26
18
17
18
0
2
2
9
15
0
23
16
24
9
25
12
10
1
0
13
1
11
17
14
24
0
25
10
3
14
6
22
0
14
21
19
6
2
12
3
9
12
23
5
5
15
23
15
19
18
6
25
21
26
6
7
2
16
20
13
19
25
10
18
1
25
22
10
17
1
7
18
14
2
23
10
15
24
15
11
6
1
16
4
7
21
4
20
11
16
19
2
20
8
14
6
9
24
23
25
22
9
2
0
24
1
6
25
6
0
3
0
23
23
25
17
22
25
21
9
18
23
11
19
16
18
9
3
11
9
18
11
10
24
16
15
9
11
15
8
19
9
18
10
24
23
7
21
23
5
6
25
9
12
24
16
12
10
23
8
16
6
14
6
4
7
26
26
2
1
7
19
21
15
0
17
8
19
1
0
7
22
13
0
3
4
26
23
20
15
11
16
7
24
8
12
11
22
6
14
24
17
0
3
7
22
1
3
23
0
1
5
21
5
14
19
16
16
22
7
26
25
8
15
14
1
2
13
8
16
7
11
8
16
17
15
19
14
26
2
15
11
5
15
8
3
7
2
0
20
23
9
13
10
23
24
11
24
21
24
15
22
11
12
6
17
8
2
1
1
20
25
21
15
13
2
3
13
20
17
7
17
3
19
19
11
3
11
16
23
2
24
20
18
16
5
4
14
16
23
10
3
18
2
3
6
18
0
23
