11
3
19
0
23
15
0
25
21
8
21
20
1
8
16
20
4
9
10
22
13
11
16
16
23
15
3
19
20
22
21
20
26
9
26
18
25
19
15
14
0
22
13
12
11
17
22
26
8
17
17
11
11
8
12
2
4
8
11
24
0
23
3
4
22
25
14
1
5
25
7
10
10
3
9
1
4
16
8
13
25
15
25
22
20
6
18
13
24
7
7
1
11
25
14
26
23
15
17
18
21
7
18
11
0
14
25
19
22
17
11
24
19
5
24
14
14
6
1
17
14
0
6
26
14
6
13
20
25
0
15
10
20
25
15
22
25
20
15
12
26
22
15
12
3
0
18
11
24
21
0
13
1
1
10
10
8
6
2
22
7
19
2
10
20
18
2
7
5
4
5
1
22
25
5
4
17
6
8
8
12
7
0
25
2
3
19
20
21
11
3
9
12
11
14
11
22
8
2
15
18
0
21
18
26
21
12
18
19
7
3
5
13
17
6
10
23
8
12
18
9
5
10
22
24
15
26
1
20
21
20
4
17
17
5
23
24
2
16
17
11
18
18
23
26
6
11
15
26
18
13
12
2
25
2
17
8
12
26
12
11
3
26
12
7
26
11
12
12
22
12
20
23
8
26
24
18
16
22
17
21
16
25
21
7
24
21
6
21
0
11
21
5
20
1
10
20
20
23
15
18
25
0
20
23
20
14
3
8
18
9
2
14
3
26
5
2
1
2
5
2
18
19
22
12
19
12
11
2
18
7
5
6
22
2
23
19
19
23
10
16
0
12
20
12
5
19
4
7
20
12
18
16
22
17
15
21
12
3
3
22
22
3
0
23
10
16
15
24
8
15
21
6
11
7
16
16
21
3
25
2
21
16
4
26
12
13
16
26
7
22
11
13
17
8
2
12
6
26
26
5
20
2
23
9
3
16
2
8
19
26
18
17
20
9
18
7
21
6
11
21
20
17
7
24
4
14
25
3
1
19
6
8
26
12
17
19
17
26
9
20
24
9
22
10
26
12
20
9
26
18
24
14
5
15
2
3
11
14
3
22
0
8
26
21
16
4
22
4
24
3
9
20
11
25
25
23
5
10
12
24
2
5
11
16
24
0
10
17
0
5
20
6
26
13
13
4
26
17
13
