8
22
14
4
14
1
11
15
15
7
2
25
3
8
9
15
9
4
25
7
2
16
25
16
19
8
13
8
8
10
22
26
6
9
2
23
2
12
10
21
8
23
5
24
1
14
7
24
13
17
23
3
14
14
0
15
25
19
10
4
6
10
2
21
3
5
19
19
23
10
7
0
22
25
7
23
24
24
4
17
6
20
3
10
23
19
20
22
18
20
3
22
7
5
14
9
12
3
7
4
9
17
15
24
18
16
23
18
0
7
25
19
6
16
21
26
20
14
7
21
2
20
12
14
5
22
5
19
14
23
7
13
11
5
18
2
15
1
25
14
26
13
7
17
25
26
9
4
7
14
7
10
26
11
7
2
15
1
19
14
22
22
18
10
17
21
9
7
3
20
19
4
20
5
19
11
10
3
21
21
4
0
19
25
11
10
0
4
3
25
15
15
19
5
10
4
0
22
13
13
4
3
21
23
3
18
23
24
2
17
15
13
17
12
15
0
19
3
6
9
2
7
11
25
23
26
17
6
23
16
7
23
2
5
17
11
4
23
15
10
16
19
18
11
22
2
6
10
9
5
25
17
3
18
10
8
7
9
11
16
10
2
4
13
13
23
21
4
25
1
9
1
0
10
11
15
20
15
21
18
9
0
18
5
17
16
7
5
22
7
10
15
0
13
4
17
17
18
21
25
22
2
22
4
7
20
5
5
22
13
7
13
15
2
12
13
10
8
7
25
16
25
6
5
11
15
2
3
13
14
21
13
20
2
3
18
12
23
17
2
19
1
13
15
2
5
5
14
9
12
24
7
15
5
14
6
22
1
11
8
26
15
9
15
17
11
13
0
18
21
17
1
19
21
20
14
24
11
7
22
19
7
20
13
26
11
17
19
7
21
0
12
21
21
9
5
1
2
3
8
9
12
24
5
16
2
19
2
16
20
15
2
20
7
14
10
0
23
26
2
6
19
26
16
17
20
5
10
15
16
12
16
17
17
18
7
5
12
0
17
2
1
19
8
20
6
14
18
5
8
11
20
6
24
11
14
20
3
0
20
20
10
7
25
23
3
17
10
17
14
18
25
12
8
25
24
11
15
11
6
6
0
25
11
20
8
24
22
7
16
21
16
19
3
0
2
10
14
15
21
