23
22
11
5
26
9
15
4
5
12
19
15
14
4
8
2
26
15
21
24
18
11
5
16
24
3
22
9
19
8
21
20
9
23
4
13
14
11
23
6
21
1
11
4
13
18
6
16
3
4
14
21
13
17
7
10
24
17
7
7
8
9
13
19
0
3
19
11
24
5
19
15
23
20
12
18
9
23
7
17
6
17
19
24
2
2
21
21
15
26
19
7
8
17
4
13
3
26
15
10
2
24
22
7
1
13
17
6
8
20
12
25
19
21
7
6
14
12
13
23
10
9
17
15
20
4
10
14
4
8
18
22
9
10
5
14
10
20
24
26
17
24
10
5
20
15
22
4
0
10
17
24
21
24
26
24
13
13
1
0
9
6
2
8
13
21
14
26
3
20
16
23
16
15
5
4
2
13
24
19
19
0
20
11
3
2
21
18
11
13
7
15
26
5
4
18
18
21
10
22
13
25
24
8
11
22
9
18
7
20
24
10
2
2
23
11
19
21
6
14
24
9
3
8
5
4
9
16
6
13
22
24
15
10
8
22
20
0
18
14
20
26
12
9
1
13
22
18
21
22
0
21
19
15
4
22
1
24
7
23
14
7
9
10
2
12
1
8
4
15
17
5
7
7
25
21
13
26
2
2
21
10
12
8
12
5
14
17
1
16
22
2
10
15
4
18
3
0
17
14
22
2
5
2
4
16
6
0
3
7
7
21
19
6
19
0
7
17
3
24
18
14
17
0
13
8
0
8
13
2
9
22
24
21
6
6
8
5
17
1
10
7
2
17
15
12
13
22
21
1
13
21
3
21
2
14
25
12
20
3
1
10
6
0
23
10
24
19
13
4
19
5
13
8
26
6
14
13
3
16
19
17
6
23
9
10
23
24
14
19
10
1
18
3
21
7
10
13
21
23
13
16
18
1
10
6
4
24
7
16
7
20
10
2
9
1
4
24
26
2
1
4
8
19
26
12
9
13
5
24
14
20
26
22
2
25
16
20
25
5
19
19
18
23
1
0
14
8
17
20
7
11
8
16
21
11
3
2
8
19
18
20
1
5
1
18
7
2
17
0
17
21
14
26
21
18
26
19
25
26
7
15
19
17
22
15
24
6
6
10
22
1
14
25
21
7
8
26
11
4
